[
 [[8]  [8]  [8]  [8]  [8]  [8]]
 [[8]  [8]  [8]  [8]  [8]  [8]]
 [[8]  [8]  [8]  [8]  [8]  [8]]
 [[8]  [8]  [8]  [8]  [8]  [8]]
 [[8]  [8]  [8]  [8]  [8]  [8]]
 [[8]  [8]  [8]  [8]  [8]  [8]]
 [[8]  [8]  [8]  [8]  [8]  [8]]
],
[
 [[8]  [8]  [8]  [8]  [8]  [8]]
 [[8]  [8]  [8]  [8]  [8]  [8]]
 [[8]  [8]  [8]  [8]  [8]  [8]]
 [[8]  [8]  [8]  [8]  [8]  [8]]
 [[8]  [8]  [8]  [8]  [8]  [8]]
 [[8]  [8]  [8]  [8]  [8]  [8]]
 [[8]  [8]  [8]  [8]  [8]  [8]]
],
... 32,
[
 [[8]  [8]  [8]  [8]  [8]  [8]]
 [[8]  [8]  [8]  [8]  [8]  [8]]
 [[8]  [8]  [8]  [8]  [8]  [8]]
 [[8]  [8]  [8]  [8]  [8]  [8]]
 [[8]  [8]  [8]  [8]  [8]  [8]]
 [[8]  [8]  [8]  [8]  [8]  [8]]
 [[8]  [8]  [8]  [8]  [8]  [8]]
]

32, 6, 6, 8
1152, 8

[
 [8],
 [8],
 ... 1152,
 [8],
]



[
  [
   [256]
   [256]
   ... 6,
   [256]
  ],
  [
   [256]
   [256]
   ... 6,
   [256]
  ],
  ... 6,
  [
   [256]
   [256]
   ... 6,
   [256]
  ]
]
